country_name,sum,Life Expectancy,,,,sum ish
Afghanistan,113081091,60.9,,,,113.081091
Albania,460688,77.4,,,,0.460688
Angola,34837724,51.9,,,,34.837724
Armenia,5499545,74.6,,,,5.499545
Bangladesh,101870398,70.7,,,,101.870398
Belize,1022373,73.9,,,,1.022373
Benin,26166714,59.3,,,,26.166714
Bolivia,0,67.3,,,,0
Botswana,46614274,64.4,,,,46.614274
Brazil,1968082,73.9,,,,1.968082
Burkina Faso,3871388,56.3,,,,3.871388
Burma (Myanmar),13577301,65.2,,,,13.577301
Burundi,16494922,54.1,,,,16.494922
Cambodia,54569888,71.9,,,,54.569888
Cameroon,29481754,55.1,,,,29.481754
Chad,573103,51.2,,,,0.573103
China,5881043,75.3,,,,5.881043
Colombia,191800,74,,,,0.1918
Comoros,69049,60.9,,,,0.069049
Congo,139528244,58.8,,,,139.528244
Costa Rica,22307,79.9,,,,0.022307
Cote d'Ivoire,90492207,50.7,,,,90.492207
Djibouti,1654757,61.8,,,,1.654757
Dominican Republic,16040310,73.4,,,,16.04031
Ecuador,717441,76.5,,,,0.717441
Egypt,14941679,71.2,,,,14.941679
El Salvador,75618,72.6,,,,0.075618
Estonia,197050,74.4,,,,0.19705
Ethiopia,287191242,63.6,,,,287.191242
Fiji,1315053,69.8,,,,1.315053
Gabon,1291075,63.5,,,,1.291075
Gambia,675075,58.8,,,,0.675075
Georgia,4582888,74.3,,,,4.582888
Ghana,49429977,61.1,,,,49.429977
Guatemala,52327999,72.1,,,,52.327999
Guinea,9691279,56.1,,,,9.691279
Guyana,5170371,66.3,,,,5.170371
Haiti,152346770,63.1,,,,152.34677
Honduras,4810184,73.8,,,,4.810184
India,73910606,66.4,,,,73.910606
Indonesia,43870317,70.8,,,,43.870317
Iraq,1084874,69.4,,,,1.084874
Israel,3054279,81.8,,,,3.054279
Jamaica,3217884,73.5,,,,3.217884
Jordan,52444001,73.9,,,,52.444001
Kazakhstan,4826191,66.5,,,,4.826191
Kenya,470440915,61.7,,,,470.440915
Kyrgyzstan,16178888,67.5,,,,16.178888
Laos,12629705,68.3,,,,12.629705
Lebanon,13619135,80,,,,13.619135
Lesotho,54525528,49.4,,,,54.525528
Liberia,54219637,60.6,,,,54.219637
Madagascar,39696740,64.7,,,,39.69674
Malawi,137691987,55.3,,,,137.691987
Malaysia,6998,75,,,,0.006998
Mali,38608022,55,,,,38.608022
Marshall Islands,9282381,72.6,,,,9.282381
Mexico,752896,77.5,,,,0.752896
Micronesia,41624257,69,,,,41.624257
Moldova,527899,68.9,,,,0.527899
Mongolia,367235,67.5,,,,0.367235
Morocco,290287,70.9,,,,0.290287
Mozambique,334574248,50.3,,,,334.574248
Namibia,46655967,64.5,,,,46.655967
Nepal,34386515,68.4,,,,34.386515
Nicaragua,14565444,74.8,,,,14.565444
Niger,790957,58.4,,,,0.790957
Nigeria,464010951,52.5,,,,464.010951
Oman,96443,76.6,,,,0.096443
Pakistan,47424054,66.6,,,,47.424054
Paraguay,1140452,72.3,,,,1.140452
Peru,5847410,74.8,,,,5.84741
Philippines,36691485,68.7,,,,36.691485
Romania,10443,73.8,,,,0.010443
Russia,144637,68,,,,0.144637
Rwanda,96637248,64.1,,,,96.637248
Sao Tome and Principe,149274,66.3,,,,0.149274
Senegal,48384127,63.5,,,,48.384127
Serbia,123156,74.1,,,,0.123156
Sierra Leone,921676,45.6,,,,0.921676
Somalia,2414770,55.1,,,,2.41477
South Africa,444800558,56.9,,,,444.800558
South Sudan,68243055,55.3,,,,68.243055
Sri Lanka,836905,74.3,,,,0.836905
Sudan,5361,62.1,,,,0.005361
Swaziland,42897619,49,,,,42.897619
Switzerland,738199,82.6,,,,0.738199
Tajikistan,7753380,67.2,,,,7.75338
Thailand,11881142,74.4,,,,11.881142
Timor-Leste,2726149,67.5,,,,2.726149
Togo,1378059,56.5,,,,1.378059
Tunisia,24631,75.9,,,,0.024631
Turkey,347932,75.3,,,,0.347932
Turkmenistan,754,65.5,,,,0.000754
Uganda,313562319,59.2,,,,313.562319
Ukraine,22842344,68.5,,,,22.842344
Uzbekistan,2931227,68.2,,,,2.931227
Vanuatu,866353,71.6,,,,0.866353
Vietnam,32703337,75.9,,,,32.703337
Yemen,11278842,63.1,,,,11.278842
Zambia,569429753,58.1,,,,569.429753
Zimbabwe,97903860,59.9,,,,97.90386
